00000000
00000011
00000022
00000033
00000044
00000055
00000066
00000077
00000088
00000099
00001100
00001111
00001122
00001133
00001144
00001155
00001166
00001177
00001188
00001199
00002200
00002211
00002222
00002233
00002244
00002255
00002266
00002277
00002288
00002299
00003300
00003311
00003322
00003333
00003344
00003355
00003366
00003377
00003388
00003399
00004400
00004411
00004422
00004433
00004444
00004455
00004466
00004477
00004488
00004499
00005500
00005511
00005522
00005533
00005544
00005555
00005566
00005577
00005588
00005599
00006600
00006611
00006622
00006633
00006644
00006655
00006666
00006677
00006688
00006699
00007700
00007711
00007722
00007733
00007744
00007755
00007766
00007777
00007788
00007799
00008800
00008811
00008822
00008833
00008844
00008855
00008866
00008877
00008888
00008899
00009900
00009911
00009922
00009933
00009944
00009955
00009966
00009977
00009988
00009999
00110000
00110011
00110022
00110033
00110044
00110055
00110066
00110077
00110088
00110099
00111100
00111111
00111122
00111133
00111144
00111155
00111166
00111177
00111188
00111199
00112200
00112211
00112222
00112233
00112244
00112255
00112266
00112277
00112288
00112299
00113300
00113311
00113322
00113333
00113344
00113355
00113366
00113377
00113388
00113399
00114400
00114411
00114422
00114433
00114444
00114455
00114466
00114477
00114488
00114499
00115500
00115511
00115522
00115533
00115544
00115555
00115566
00115577
00115588
00115599
00116600
00116611
00116622
00116633
00116644
00116655
00116666
00116677
00116688
00116699
00117700
00117711
00117722
00117733
00117744
00117755
00117766
00117777
00117788
00117799
00118800
00118811
00118822
00118833
00118844
00118855
00118866
00118877
00118888
00118899
00119900
00119911
00119922
00119933
00119944
00119955
00119966
00119977
00119988
00119999
00220000
00220011
00220022
00220033
00220044
00220055
00220066
00220077
00220088
00220099
00221100
00221111
00221122
00221133
00221144
00221155
00221166
00221177
00221188
00221199
00222200
00222211
00222222
00222233
00222244
00222255
00222266
00222277
00222288
00222299
00223300
00223311
00223322
00223333
00223344
00223355
00223366
00223377
00223388
00223399
00224400
00224411
00224422
00224433
00224444
00224455
00224466
00224477
00224488
00224499
00225500
00225511
00225522
00225533
00225544
00225555
00225566
00225577
00225588
00225599
00226600
00226611
00226622
00226633
00226644
00226655
00226666
00226677
00226688
00226699
00227700
00227711
00227722
00227733
00227744
00227755
00227766
00227777
00227788
00227799
00228800
00228811
00228822
00228833
00228844
00228855
00228866
00228877
00228888
00228899
00229900
00229911
00229922
00229933
00229944
00229955
00229966
00229977
00229988
00229999
00330000
00330011
00330022
00330033
00330044
00330055
00330066
00330077
00330088
00330099
00331100
00331111
00331122
00331133
00331144
00331155
00331166
00331177
00331188
00331199
00332200
00332211
00332222
00332233
00332244
00332255
00332266
00332277
00332288
00332299
00333300
00333311
00333322
00333333
00333344
00333355
00333366
00333377
00333388
00333399
00334400
00334411
00334422
00334433
00334444
00334455
00334466
00334477
00334488
00334499
00335500
00335511
00335522
00335533
00335544
00335555
00335566
00335577
00335588
00335599
00336600
00336611
00336622
00336633
00336644
00336655
00336666
00336677
00336688
00336699
00337700
00337711
00337722
00337733
00337744
00337755
00337766
00337777
00337788
00337799
00338800
00338811
00338822
00338833
00338844
00338855
00338866
00338877
00338888
00338899
00339900
00339911
00339922
00339933
00339944
00339955
00339966
00339977
00339988
00339999
00440000
00440011
00440022
00440033
00440044
00440055
00440066
00440077
00440088
00440099
00441100
00441111
00441122
00441133
00441144
00441155
00441166
00441177
00441188
00441199
00442200
00442211
00442222
00442233
00442244
00442255
00442266
00442277
00442288
00442299
00443300
00443311
00443322
00443333
00443344
00443355
00443366
00443377
00443388
00443399
00444400
00444411
00444422
00444433
00444444
00444455
00444466
00444477
00444488
00444499
00445500
00445511
00445522
00445533
00445544
00445555
00445566
00445577
00445588
00445599
00446600
00446611
00446622
00446633
00446644
00446655
00446666
00446677
00446688
00446699
00447700
00447711
00447722
00447733
00447744
00447755
00447766
00447777
00447788
00447799
00448800
00448811
00448822
00448833
00448844
00448855
00448866
00448877
00448888
00448899
00449900
00449911
00449922
00449933
00449944
00449955
00449966
00449977
00449988
00449999
00550000
00550011
00550022
00550033
00550044
00550055
00550066
00550077
00550088
00550099
00551100
00551111
00551122
00551133
00551144
00551155
00551166
00551177
00551188
00551199
00552200
00552211
00552222
00552233
00552244
00552255
00552266
00552277
00552288
00552299
00553300
00553311
00553322
00553333
00553344
00553355
00553366
00553377
00553388
00553399
00554400
00554411
00554422
00554433
00554444
00554455
00554466
00554477
00554488
00554499
00555500
00555511
00555522
00555533
00555544
00555555
00555566
00555577
00555588
00555599
00556600
00556611
00556622
00556633
00556644
00556655
00556666
00556677
00556688
00556699
00557700
00557711
00557722
00557733
00557744
00557755
00557766
00557777
00557788
00557799
00558800
00558811
00558822
00558833
00558844
00558855
00558866
00558877
00558888
00558899
00559900
00559911
00559922
00559933
00559944
00559955
00559966
00559977
00559988
00559999
00660000
00660011
00660022
00660033
00660044
00660055
00660066
00660077
00660088
00660099
00661100
00661111
00661122
00661133
00661144
00661155
00661166
00661177
00661188
00661199
00662200
00662211
00662222
00662233
00662244
00662255
00662266
00662277
00662288
00662299
00663300
00663311
00663322
00663333
00663344
00663355
00663366
00663377
00663388
00663399
00664400
00664411
00664422
00664433
00664444
00664455
00664466
00664477
00664488
00664499
00665500
00665511
00665522
00665533
00665544
00665555
00665566
00665577
00665588
00665599
00666600
00666611
00666622
00666633
00666644
00666655
00666666
00666677
00666688
00666699
00667700
00667711
00667722
00667733
00667744
00667755
00667766
00667777
00667788
00667799
00668800
00668811
00668822
00668833
00668844
00668855
00668866
00668877
00668888
00668899
00669900
00669911
00669922
00669933
00669944
00669955
00669966
00669977
00669988
00669999
00770000
00770011
00770022
00770033
00770044
00770055
00770066
00770077
00770088
00770099
00771100
00771111
00771122
00771133
00771144
00771155
00771166
00771177
00771188
00771199
00772200
00772211
00772222
00772233
00772244
00772255
00772266
00772277
00772288
00772299
00773300
00773311
00773322
00773333
00773344
00773355
00773366
00773377
00773388
00773399
00774400
00774411
00774422
00774433
00774444
00774455
00774466
00774477
00774488
00774499
00775500
00775511
00775522
00775533
00775544
00775555
00775566
00775577
00775588
00775599
00776600
00776611
00776622
00776633
00776644
00776655
00776666
00776677
00776688
00776699
00777700
00777711
00777722
00777733
00777744
00777755
00777766
00777777
00777788
00777799
00778800
00778811
00778822
00778833
00778844
00778855
00778866
00778877
00778888
00778899
00779900
00779911
00779922
00779933
00779944
00779955
00779966
00779977
00779988
00779999
00880000
00880011
00880022
00880033
00880044
00880055
00880066
00880077
00880088
00880099
00881100
00881111
00881122
00881133
00881144
00881155
00881166
00881177
00881188
00881199
00882200
00882211
00882222
00882233
00882244
00882255
00882266
00882277
00882288
00882299
00883300
00883311
00883322
00883333
00883344
00883355
00883366
00883377
00883388
00883399
00884400
00884411
00884422
00884433
00884444
00884455
00884466
00884477
00884488
00884499
00885500
00885511
00885522
00885533
00885544
00885555
00885566
00885577
00885588
00885599
00886600
00886611
00886622
00886633
00886644
00886655
00886666
00886677
00886688
00886699
00887700
00887711
00887722
00887733
00887744
00887755
00887766
00887777
00887788
00887799
00888800
00888811
00888822
00888833
00888844
00888855
00888866
00888877
00888888
00888899
00889900
00889911
00889922
00889933
00889944
00889955
00889966
00889977
00889988
00889999
00990000
00990011
00990022
00990033
00990044
00990055
00990066
00990077
00990088
00990099
00991100
00991111
00991122
00991133
00991144
00991155
00991166
00991177
00991188
00991199
00992200
00992211
00992222
00992233
00992244
00992255
00992266
00992277
00992288
00992299
00993300
00993311
00993322
00993333
00993344
00993355
00993366
00993377
00993388
00993399
00994400
00994411
00994422
00994433
00994444
00994455
00994466
00994477
00994488
00994499
00995500
00995511
00995522
00995533
00995544
00995555
00995566
00995577
00995588
00995599
00996600
00996611
00996622
00996633
00996644
00996655
00996666
00996677
00996688
00996699
00997700
00997711
00997722
00997733
00997744
00997755
00997766
00997777
00997788
00997799
00998800
00998811
00998822
00998833
00998844
00998855
00998866
00998877
00998888
00998899
00999900
00999911
00999922
00999933
00999944
00999955
00999966
00999977
00999988
00999999
11000000
11000011
11000022
11000033
11000044
11000055
11000066
11000077
11000088
11000099
11001100
11001111
11001122
11001133
11001144
11001155
11001166
11001177
11001188
11001199
11002200
11002211
11002222
11002233
11002244
11002255
11002266
11002277
11002288
11002299
11003300
11003311
11003322
11003333
11003344
11003355
11003366
11003377
11003388
11003399
11004400
11004411
11004422
11004433
11004444
11004455
11004466
11004477
11004488
11004499
11005500
11005511
11005522
11005533
11005544
11005555
11005566
11005577
11005588
11005599
11006600
11006611
11006622
11006633
11006644
11006655
11006666
11006677
11006688
11006699
11007700
11007711
11007722
11007733
11007744
11007755
11007766
11007777
11007788
11007799
11008800
11008811
11008822
11008833
11008844
11008855
11008866
11008877
11008888
11008899
11009900
11009911
11009922
11009933
11009944
11009955
11009966
11009977
11009988
11009999
11110000
11110011
11110022
11110033
11110044
11110055
11110066
11110077
11110088
11110099
11111100
11111111
11111122
11111133
11111144
11111155
11111166
11111177
11111188
11111199
11112200
11112211
11112222
11112233
11112244
11112255
11112266
11112277
11112288
11112299
11113300
11113311
11113322
11113333
11113344
11113355
11113366
11113377
11113388
11113399
11114400
11114411
11114422
11114433
11114444
11114455
11114466
11114477
11114488
11114499
11115500
11115511
11115522
11115533
11115544
11115555
11115566
11115577
11115588
11115599
11116600
11116611
11116622
11116633
11116644
11116655
11116666
11116677
11116688
11116699
11117700
11117711
11117722
11117733
11117744
11117755
11117766
11117777
11117788
11117799
11118800
11118811
11118822
11118833
11118844
11118855
11118866
11118877
11118888
11118899
11119900
11119911
11119922
11119933
11119944
11119955
11119966
11119977
11119988
11119999
11220000
11220011
11220022
11220033
11220044
11220055
11220066
11220077
11220088
11220099
11221100
11221111
11221122
11221133
11221144
11221155
11221166
11221177
11221188
11221199
11222200
11222211
11222222
11222233
11222244
11222255
11222266
11222277
11222288
11222299
11223300
11223311
11223322
11223333
11223344
11223355
11223366
11223377
11223388
11223399
11224400
11224411
11224422
11224433
11224444
11224455
11224466
11224477
11224488
11224499
11225500
11225511
11225522
11225533
11225544
11225555
11225566
11225577
11225588
11225599
11226600
11226611
11226622
11226633
11226644
11226655
11226666
11226677
11226688
11226699
11227700
11227711
11227722
11227733
11227744
11227755
11227766
11227777
11227788
11227799
11228800
11228811
11228822
11228833
11228844
11228855
11228866
11228877
11228888
11228899
11229900
11229911
11229922
11229933
11229944
11229955
11229966
11229977
11229988
11229999
11330000
11330011
11330022
11330033
11330044
11330055
11330066
11330077
11330088
11330099
11331100
11331111
11331122
11331133
11331144
11331155
11331166
11331177
11331188
11331199
11332200
11332211
11332222
11332233
11332244
11332255
11332266
11332277
11332288
11332299
11333300
11333311
11333322
11333333
11333344
11333355
11333366
11333377
11333388
11333399
11334400
11334411
11334422
11334433
11334444
11334455
11334466
11334477
11334488
11334499
11335500
11335511
11335522
11335533
11335544
11335555
11335566
11335577
11335588
11335599
11336600
11336611
11336622
11336633
11336644
11336655
11336666
11336677
11336688
11336699
11337700
11337711
11337722
11337733
11337744
11337755
11337766
11337777
11337788
11337799
11338800
11338811
11338822
11338833
11338844
11338855
11338866
11338877
11338888
11338899
11339900
11339911
11339922
11339933
11339944
11339955
11339966
11339977
11339988
11339999
11440000
11440011
11440022
11440033
11440044
11440055
11440066
11440077
11440088
11440099
11441100
11441111
11441122
11441133
11441144
11441155
11441166
11441177
11441188
11441199
11442200
11442211
11442222
11442233
11442244
11442255
11442266
11442277
11442288
11442299
11443300
11443311
11443322
11443333
11443344
11443355
11443366
11443377
11443388
11443399
11444400
11444411
11444422
11444433
11444444
11444455
11444466
11444477
11444488
11444499
11445500
11445511
11445522
11445533
11445544
11445555
11445566
11445577
11445588
11445599
11446600
11446611
11446622
11446633
11446644
11446655
11446666
11446677
11446688
11446699
11447700
11447711
11447722
11447733
11447744
11447755
11447766
11447777
11447788
11447799
11448800
11448811
11448822
11448833
11448844
11448855
11448866
11448877
11448888
11448899
11449900
11449911
11449922
11449933
11449944
11449955
11449966
11449977
11449988
11449999
11550000
11550011
11550022
11550033
11550044
11550055
11550066
11550077
11550088
11550099
11551100
11551111
11551122
11551133
11551144
11551155
11551166
11551177
11551188
11551199
11552200
11552211
11552222
11552233
11552244
11552255
11552266
11552277
11552288
11552299
11553300
11553311
11553322
11553333
11553344
11553355
11553366
11553377
11553388
11553399
11554400
11554411
11554422
11554433
11554444
11554455
11554466
11554477
11554488
11554499
11555500
11555511
11555522
11555533
11555544
11555555
11555566
11555577
11555588
11555599
11556600
11556611
11556622
11556633
11556644
11556655
11556666
11556677
11556688
11556699
11557700
11557711
11557722
11557733
11557744
11557755
11557766
11557777
11557788
11557799
11558800
11558811
11558822
11558833
11558844
11558855
11558866
11558877
11558888
11558899
11559900
11559911
11559922
11559933
11559944
11559955
11559966
11559977
11559988
11559999
11660000
11660011
11660022
11660033
11660044
11660055
11660066
11660077
11660088
11660099
11661100
11661111
11661122
11661133
11661144
11661155
11661166
11661177
11661188
11661199
11662200
11662211
11662222
11662233
11662244
11662255
11662266
11662277
11662288
11662299
11663300
11663311
11663322
11663333
11663344
11663355
11663366
11663377
11663388
11663399
11664400
11664411
11664422
11664433
11664444
11664455
11664466
11664477
11664488
11664499
11665500
11665511
11665522
11665533
11665544
11665555
11665566
11665577
11665588
11665599
11666600
11666611
11666622
11666633
11666644
11666655
11666666
11666677
11666688
11666699
11667700
11667711
11667722
11667733
11667744
11667755
11667766
11667777
11667788
11667799
11668800
11668811
11668822
11668833
11668844
11668855
11668866
11668877
11668888
11668899
11669900
11669911
11669922
11669933
11669944
11669955
11669966
11669977
11669988
11669999
11770000
11770011
11770022
11770033
11770044
11770055
11770066
11770077
11770088
11770099
11771100
11771111
11771122
11771133
11771144
11771155
11771166
11771177
11771188
11771199
11772200
11772211
11772222
11772233
11772244
11772255
11772266
11772277
11772288
11772299
11773300
11773311
11773322
11773333
11773344
11773355
11773366
11773377
11773388
11773399
11774400
11774411
11774422
11774433
11774444
11774455
11774466
11774477
11774488
11774499
11775500
11775511
11775522
11775533
11775544
11775555
11775566
11775577
11775588
11775599
11776600
11776611
11776622
11776633
11776644
11776655
11776666
11776677
11776688
11776699
11777700
11777711
11777722
11777733
11777744
11777755
11777766
11777777
11777788
11777799
11778800
11778811
11778822
11778833
11778844
11778855
11778866
11778877
11778888
11778899
11779900
11779911
11779922
11779933
11779944
11779955
11779966
11779977
11779988
11779999
11880000
11880011
11880022
11880033
11880044
11880055
11880066
11880077
11880088
11880099
11881100
11881111
11881122
11881133
11881144
11881155
11881166
11881177
11881188
11881199
11882200
11882211
11882222
11882233
11882244
11882255
11882266
11882277
11882288
11882299
11883300
11883311
11883322
11883333
11883344
11883355
11883366
11883377
11883388
11883399
11884400
11884411
11884422
11884433
11884444
11884455
11884466
11884477
11884488
11884499
11885500
11885511
11885522
11885533
11885544
11885555
11885566
11885577
11885588
11885599
11886600
11886611
11886622
11886633
11886644
11886655
11886666
11886677
11886688
11886699
11887700
11887711
11887722
11887733
11887744
11887755
11887766
11887777
11887788
11887799
11888800
11888811
11888822
11888833
11888844
11888855
11888866
11888877
11888888
11888899
11889900
11889911
11889922
11889933
11889944
11889955
11889966
11889977
11889988
11889999
11990000
11990011
11990022
11990033
11990044
11990055
11990066
11990077
11990088
11990099
11991100
11991111
11991122
11991133
11991144
11991155
11991166
11991177
11991188
11991199
11992200
11992211
11992222
11992233
11992244
11992255
11992266
11992277
11992288
11992299
11993300
11993311
11993322
11993333
11993344
11993355
11993366
11993377
11993388
11993399
11994400
11994411
11994422
11994433
11994444
11994455
11994466
11994477
11994488
11994499
11995500
11995511
11995522
11995533
11995544
11995555
11995566
11995577
11995588
11995599
11996600
11996611
11996622
11996633
11996644
11996655
11996666
11996677
11996688
11996699
11997700
11997711
11997722
11997733
11997744
11997755
11997766
11997777
11997788
11997799
11998800
11998811
11998822
11998833
11998844
11998855
11998866
11998877
11998888
11998899
11999900
11999911
11999922
11999933
11999944
11999955
11999966
11999977
11999988
11999999
22000000
22000011
22000022
22000033
22000044
22000055
22000066
22000077
22000088
22000099
22001100
22001111
22001122
22001133
22001144
22001155
22001166
22001177
22001188
22001199
22002200
22002211
22002222
22002233
22002244
22002255
22002266
22002277
22002288
22002299
22003300
22003311
22003322
22003333
22003344
22003355
22003366
22003377
22003388
22003399
22004400
22004411
22004422
22004433
22004444
22004455
22004466
22004477
22004488
22004499
22005500
22005511
22005522
22005533
22005544
22005555
22005566
22005577
22005588
22005599
22006600
22006611
22006622
22006633
22006644
22006655
22006666
22006677
22006688
22006699
22007700
22007711
22007722
22007733
22007744
22007755
22007766
22007777
22007788
22007799
22008800
22008811
22008822
22008833
22008844
22008855
22008866
22008877
22008888
22008899
22009900
22009911
22009922
22009933
22009944
22009955
22009966
22009977
22009988
22009999
22110000
22110011
22110022
22110033
22110044
22110055
22110066
22110077
22110088
22110099
22111100
22111111
22111122
22111133
22111144
22111155
22111166
22111177
22111188
22111199
22112200
22112211
22112222
22112233
22112244
22112255
22112266
22112277
22112288
22112299
22113300
22113311
22113322
22113333
22113344
22113355
22113366
22113377
22113388
22113399
22114400
22114411
22114422
22114433
22114444
22114455
22114466
22114477
22114488
22114499
22115500
22115511
22115522
22115533
22115544
22115555
22115566
22115577
22115588
22115599
22116600
22116611
22116622
22116633
22116644
22116655
22116666
22116677
22116688
22116699
22117700
22117711
22117722
22117733
22117744
22117755
22117766
22117777
22117788
22117799
22118800
22118811
22118822
22118833
22118844
22118855
22118866
22118877
22118888
22118899
22119900
22119911
22119922
22119933
22119944
22119955
22119966
22119977
22119988
22119999
22220000
22220011
22220022
22220033
22220044
22220055
22220066
22220077
22220088
22220099
22221100
22221111
22221122
22221133
22221144
22221155
22221166
22221177
22221188
22221199
22222200
22222211
22222222
22222233
22222244
22222255
22222266
22222277
22222288
22222299
22223300
22223311
22223322
22223333
22223344
22223355
22223366
22223377
22223388
22223399
22224400
22224411
22224422
22224433
22224444
22224455
22224466
22224477
22224488
22224499
22225500
22225511
22225522
22225533
22225544
22225555
22225566
22225577
22225588
22225599
22226600
22226611
22226622
22226633
22226644
22226655
22226666
22226677
22226688
22226699
22227700
22227711
22227722
22227733
22227744
22227755
22227766
22227777
22227788
22227799
22228800
22228811
22228822
22228833
22228844
22228855
22228866
22228877
22228888
22228899
22229900
22229911
22229922
22229933
22229944
22229955
22229966
22229977
22229988
22229999
22330000
22330011
22330022
22330033
22330044
22330055
22330066
22330077
22330088
22330099
22331100
22331111
22331122
22331133
22331144
22331155
22331166
22331177
22331188
22331199
22332200
22332211
22332222
22332233
22332244
22332255
22332266
22332277
22332288
22332299
22333300
22333311
22333322
22333333
22333344
22333355
22333366
22333377
22333388
22333399
22334400
22334411
22334422
22334433
22334444
22334455
22334466
22334477
22334488
22334499
22335500
22335511
22335522
22335533
22335544
22335555
22335566
22335577
22335588
22335599
22336600
22336611
22336622
22336633
22336644
22336655
22336666
22336677
22336688
22336699
22337700
22337711
22337722
22337733
22337744
22337755
22337766
22337777
22337788
22337799
22338800
22338811
22338822
22338833
22338844
22338855
22338866
22338877
22338888
22338899
22339900
22339911
22339922
22339933
22339944
22339955
22339966
22339977
22339988
22339999
22440000
22440011
22440022
22440033
22440044
22440055
22440066
22440077
22440088
22440099
22441100
22441111
22441122
22441133
22441144
22441155
22441166
22441177
22441188
22441199
22442200
22442211
22442222
22442233
22442244
22442255
22442266
22442277
22442288
22442299
22443300
22443311
22443322
22443333
22443344
22443355
22443366
22443377
22443388
22443399
22444400
22444411
22444422
22444433
22444444
22444455
22444466
22444477
22444488
22444499
22445500
22445511
22445522
22445533
22445544
22445555
22445566
22445577
22445588
22445599
22446600
22446611
22446622
22446633
22446644
22446655
22446666
22446677
22446688
22446699
22447700
22447711
22447722
22447733
22447744
22447755
22447766
22447777
22447788
22447799
22448800
22448811
22448822
22448833
22448844
22448855
22448866
22448877
22448888
22448899
22449900
22449911
22449922
22449933
22449944
22449955
22449966
22449977
22449988
22449999
22550000
22550011
22550022
22550033
22550044
22550055
22550066
22550077
22550088
22550099
22551100
22551111
22551122
22551133
22551144
22551155
22551166
22551177
22551188
22551199
22552200
22552211
22552222
22552233
22552244
22552255
22552266
22552277
22552288
22552299
22553300
22553311
22553322
22553333
22553344
22553355
22553366
22553377
22553388
22553399
22554400
22554411
22554422
22554433
22554444
22554455
22554466
22554477
22554488
22554499
22555500
22555511
22555522
22555533
22555544
22555555
22555566
22555577
22555588
22555599
22556600
22556611
22556622
22556633
22556644
22556655
22556666
22556677
22556688
22556699
22557700
22557711
22557722
22557733
22557744
22557755
22557766
22557777
22557788
22557799
22558800
22558811
22558822
22558833
22558844
22558855
22558866
22558877
22558888
22558899
22559900
22559911
22559922
22559933
22559944
22559955
22559966
22559977
22559988
22559999
22660000
22660011
22660022
22660033
22660044
22660055
22660066
22660077
22660088
22660099
22661100
22661111
22661122
22661133
22661144
22661155
22661166
22661177
22661188
22661199
22662200
22662211
22662222
22662233
22662244
22662255
22662266
22662277
22662288
22662299
22663300
22663311
22663322
22663333
22663344
22663355
22663366
22663377
22663388
22663399
22664400
22664411
22664422
22664433
22664444
22664455
22664466
22664477
22664488
22664499
22665500
22665511
22665522
22665533
22665544
22665555
22665566
22665577
22665588
22665599
22666600
22666611
22666622
22666633
22666644
22666655
22666666
22666677
22666688
22666699
22667700
22667711
22667722
22667733
22667744
22667755
22667766
22667777
22667788
22667799
22668800
22668811
22668822
22668833
22668844
22668855
22668866
22668877
22668888
22668899
22669900
22669911
22669922
22669933
22669944
22669955
22669966
22669977
22669988
22669999
22770000
22770011
22770022
22770033
22770044
22770055
22770066
22770077
22770088
22770099
22771100
22771111
22771122
22771133
22771144
22771155
22771166
22771177
22771188
22771199
22772200
22772211
22772222
22772233
22772244
22772255
22772266
22772277
22772288
22772299
22773300
22773311
22773322
22773333
22773344
22773355
22773366
22773377
22773388
22773399
22774400
22774411
22774422
22774433
22774444
22774455
22774466
22774477
22774488
22774499
22775500
22775511
22775522
22775533
22775544
22775555
22775566
22775577
22775588
22775599
22776600
22776611
22776622
22776633
22776644
22776655
22776666
22776677
22776688
22776699
22777700
22777711
22777722
22777733
22777744
22777755
22777766
22777777
22777788
22777799
22778800
22778811
22778822
22778833
22778844
22778855
22778866
22778877
22778888
22778899
22779900
22779911
22779922
22779933
22779944
22779955
22779966
22779977
22779988
22779999
22880000
22880011
22880022
22880033
22880044
22880055
22880066
22880077
22880088
22880099
22881100
22881111
22881122
22881133
22881144
22881155
22881166
22881177
22881188
22881199
22882200
22882211
22882222
22882233
22882244
22882255
22882266
22882277
22882288
22882299
22883300
22883311
22883322
22883333
22883344
22883355
22883366
22883377
22883388
22883399
22884400
22884411
22884422
22884433
22884444
22884455
22884466
22884477
22884488
22884499
22885500
22885511
22885522
22885533
22885544
22885555
22885566
22885577
22885588
22885599
22886600
22886611
22886622
22886633
22886644
22886655
22886666
22886677
22886688
22886699
22887700
22887711
22887722
22887733
22887744
22887755
22887766
22887777
22887788
22887799
22888800
22888811
22888822
22888833
22888844
22888855
22888866
22888877
22888888
22888899
22889900
22889911
22889922
22889933
22889944
22889955
22889966
22889977
22889988
22889999
22990000
22990011
22990022
22990033
22990044
22990055
22990066
22990077
22990088
22990099
22991100
22991111
22991122
22991133
22991144
22991155
22991166
22991177
22991188
22991199
22992200
22992211
22992222
22992233
22992244
22992255
22992266
22992277
22992288
22992299
22993300
22993311
22993322
22993333
22993344
22993355
22993366
22993377
22993388
22993399
22994400
22994411
22994422
22994433
22994444
22994455
22994466
22994477
22994488
22994499
22995500
22995511
22995522
22995533
22995544
22995555
22995566
22995577
22995588
22995599
22996600
22996611
22996622
22996633
22996644
22996655
22996666
22996677
22996688
22996699
22997700
22997711
22997722
22997733
22997744
22997755
22997766
22997777
22997788
22997799
22998800
22998811
22998822
22998833
22998844
22998855
22998866
22998877
22998888
22998899
22999900
22999911
22999922
22999933
22999944
22999955
22999966
22999977
22999988
22999999
33000000
33000011
33000022
33000033
33000044
33000055
33000066
33000077
33000088
33000099
33001100
33001111
33001122
33001133
33001144
33001155
33001166
33001177
33001188
33001199
33002200
33002211
33002222
33002233
33002244
33002255
33002266
33002277
33002288
33002299
33003300
33003311
33003322
33003333
33003344
33003355
33003366
33003377
33003388
33003399
33004400
33004411
33004422
33004433
33004444
33004455
33004466
33004477
33004488
33004499
33005500
33005511
33005522
33005533
33005544
33005555
33005566
33005577
33005588
33005599
33006600
33006611
33006622
33006633
33006644
33006655
33006666
33006677
33006688
33006699
33007700
33007711
33007722
33007733
33007744
33007755
33007766
33007777
33007788
33007799
33008800
33008811
33008822
33008833
33008844
33008855
33008866
33008877
33008888
33008899
33009900
33009911
33009922
33009933
33009944
33009955
33009966
33009977
33009988
33009999
33110000
33110011
33110022
33110033
33110044
33110055
33110066
33110077
33110088
33110099
33111100
33111111
33111122
33111133
33111144
33111155
33111166
33111177
33111188
33111199
33112200
33112211
33112222
33112233
33112244
33112255
33112266
33112277
33112288
33112299
33113300
33113311
33113322
33113333
33113344
33113355
33113366
33113377
33113388
33113399
33114400
33114411
33114422
33114433
33114444
33114455
33114466
33114477
33114488
33114499
33115500
33115511
33115522
33115533
33115544
33115555
33115566
33115577
33115588
33115599
33116600
33116611
33116622
33116633
33116644
33116655
33116666
33116677
33116688
33116699
33117700
33117711
33117722
33117733
33117744
33117755
33117766
33117777
33117788
33117799
33118800
33118811
33118822
33118833
33118844
33118855
33118866
33118877
33118888
33118899
33119900
33119911
33119922
33119933
33119944
33119955
33119966
33119977
33119988
33119999
33220000
33220011
33220022
33220033
33220044
33220055
33220066
33220077
33220088
33220099
33221100
33221111
33221122
33221133
33221144
33221155
33221166
33221177
33221188
33221199
33222200
33222211
33222222
33222233
33222244
33222255
33222266
33222277
33222288
33222299
33223300
33223311
33223322
33223333
33223344
33223355
33223366
33223377
33223388
33223399
33224400
33224411
33224422
33224433
33224444
33224455
33224466
33224477
33224488
33224499
33225500
33225511
33225522
33225533
33225544
33225555
33225566
33225577
33225588
33225599
33226600
33226611
33226622
33226633
33226644
33226655
33226666
33226677
33226688
33226699
33227700
33227711
33227722
33227733
33227744
33227755
33227766
33227777
33227788
33227799
33228800
33228811
33228822
33228833
33228844
33228855
33228866
33228877
33228888
33228899
33229900
33229911
33229922
33229933
33229944
33229955
33229966
33229977
33229988
33229999
33330000
33330011
33330022
33330033
33330044
33330055
33330066
33330077
33330088
33330099
33331100
33331111
33331122
33331133
33331144
33331155
33331166
33331177
33331188
33331199
33332200
33332211
33332222
33332233
33332244
33332255
33332266
33332277
33332288
33332299
33333300
33333311
33333322
33333333
33333344
33333355
33333366
33333377
33333388
33333399
33334400
33334411
33334422
33334433
33334444
33334455
33334466
33334477
33334488
33334499
33335500
33335511
33335522
33335533
33335544
33335555
33335566
33335577
33335588
33335599
33336600
33336611
33336622
33336633
33336644
33336655
33336666
33336677
33336688
33336699
33337700
33337711
33337722
33337733
33337744
33337755
33337766
33337777
33337788
33337799
33338800
33338811
33338822
33338833
33338844
33338855
33338866
33338877
33338888
33338899
33339900
33339911
33339922
33339933
33339944
33339955
33339966
33339977
33339988
33339999
33440000
33440011
33440022
33440033
33440044
33440055
33440066
33440077
33440088
33440099
33441100
33441111
33441122
33441133
33441144
33441155
33441166
33441177
33441188
33441199
33442200
33442211
33442222
33442233
33442244
33442255
33442266
33442277
33442288
33442299
33443300
33443311
33443322
33443333
33443344
33443355
33443366
33443377
33443388
33443399
33444400
33444411
33444422
33444433
33444444
33444455
33444466
33444477
33444488
33444499
33445500
33445511
33445522
33445533
33445544
33445555
33445566
33445577
33445588
33445599
33446600
33446611
33446622
33446633
33446644
33446655
33446666
33446677
33446688
33446699
33447700
33447711
33447722
33447733
33447744
33447755
33447766
33447777
33447788
33447799
33448800
33448811
33448822
33448833
33448844
33448855
33448866
33448877
33448888
33448899
33449900
33449911
33449922
33449933
33449944
33449955
33449966
33449977
33449988
33449999
33550000
33550011
33550022
33550033
33550044
33550055
33550066
33550077
33550088
33550099
33551100
33551111
33551122
33551133
33551144
33551155
33551166
33551177
33551188
33551199
33552200
33552211
33552222
33552233
33552244
33552255
33552266
33552277
33552288
33552299
33553300
33553311
33553322
33553333
33553344
33553355
33553366
33553377
33553388
33553399
33554400
33554411
33554422
33554433
33554444
33554455
33554466
33554477
33554488
33554499
33555500
33555511
33555522
33555533
33555544
33555555
33555566
33555577
33555588
33555599
33556600
33556611
33556622
33556633
33556644
33556655
33556666
33556677
33556688
33556699
33557700
33557711
33557722
33557733
33557744
33557755
33557766
33557777
33557788
33557799
33558800
33558811
33558822
33558833
33558844
33558855
33558866
33558877
33558888
33558899
33559900
33559911
33559922
33559933
33559944
33559955
33559966
33559977
33559988
33559999
33660000
33660011
33660022
33660033
33660044
33660055
33660066
33660077
33660088
33660099
33661100
33661111
33661122
33661133
33661144
33661155
33661166
33661177
33661188
33661199
33662200
33662211
33662222
33662233
33662244
33662255
33662266
33662277
33662288
33662299
33663300
33663311
33663322
33663333
33663344
33663355
33663366
33663377
33663388
33663399
33664400
33664411
33664422
33664433
33664444
33664455
33664466
33664477
33664488
33664499
33665500
33665511
33665522
33665533
33665544
33665555
33665566
33665577
33665588
33665599
33666600
33666611
33666622
33666633
33666644
33666655
33666666
33666677
33666688
33666699
33667700
33667711
33667722
33667733
33667744
33667755
33667766
33667777
33667788
33667799
33668800
33668811
33668822
33668833
33668844
33668855
33668866
33668877
33668888
33668899
33669900
33669911
33669922
33669933
33669944
33669955
33669966
33669977
33669988
33669999
33770000
33770011
33770022
33770033
33770044
33770055
33770066
33770077
33770088
33770099
33771100
33771111
33771122
33771133
33771144
33771155
33771166
33771177
33771188
33771199
33772200
33772211
33772222
33772233
33772244
33772255
33772266
33772277
33772288
33772299
33773300
33773311
33773322
33773333
33773344
33773355
33773366
33773377
33773388
33773399
33774400
33774411
33774422
33774433
33774444
33774455
33774466
33774477
33774488
33774499
33775500
33775511
33775522
33775533
33775544
33775555
33775566
33775577
33775588
33775599
33776600
33776611
33776622
33776633
33776644
33776655
33776666
33776677
33776688
33776699
33777700
33777711
33777722
33777733
33777744
33777755
33777766
33777777
33777788
33777799
33778800
33778811
33778822
33778833
33778844
33778855
33778866
33778877
33778888
33778899
33779900
33779911
33779922
33779933
33779944
33779955
33779966
33779977
33779988
33779999
33880000
33880011
33880022
33880033
33880044
33880055
33880066
33880077
33880088
33880099
33881100
33881111
33881122
33881133
33881144
33881155
33881166
33881177
33881188
33881199
33882200
33882211
33882222
33882233
33882244
33882255
33882266
33882277
33882288
33882299
33883300
33883311
33883322
33883333
33883344
33883355
33883366
33883377
33883388
33883399
33884400
33884411
33884422
33884433
33884444
33884455
33884466
33884477
33884488
33884499
33885500
33885511
33885522
33885533
33885544
33885555
33885566
33885577
33885588
33885599
33886600
33886611
33886622
33886633
33886644
33886655
33886666
33886677
33886688
33886699
33887700
33887711
33887722
33887733
33887744
33887755
33887766
33887777
33887788
33887799
33888800
33888811
33888822
33888833
33888844
33888855
33888866
33888877
33888888
33888899
33889900
33889911
33889922
33889933
33889944
33889955
33889966
33889977
33889988
33889999
33990000
33990011
33990022
33990033
33990044
33990055
33990066
33990077
33990088
33990099
33991100
33991111
33991122
33991133
33991144
33991155
33991166
33991177
33991188
33991199
33992200
33992211
33992222
33992233
33992244
33992255
33992266
33992277
33992288
33992299
33993300
33993311
33993322
33993333
33993344
33993355
33993366
33993377
33993388
33993399
33994400
33994411
33994422
33994433
33994444
33994455
33994466
33994477
33994488
33994499
33995500
33995511
33995522
33995533
33995544
33995555
33995566
33995577
33995588
33995599
33996600
33996611
33996622
33996633
33996644
33996655
33996666
33996677
33996688
33996699
33997700
33997711
33997722
33997733
33997744
33997755
33997766
33997777
33997788
33997799
33998800
33998811
33998822
33998833
33998844
33998855
33998866
33998877
33998888
33998899
33999900
33999911
33999922
33999933
33999944
33999955
33999966
33999977
33999988
33999999
44000000
44000011
44000022
44000033
44000044
44000055
44000066
44000077
44000088
44000099
44001100
44001111
44001122
44001133
44001144
44001155
44001166
44001177
44001188
44001199
44002200
44002211
44002222
44002233
44002244
44002255
44002266
44002277
44002288
44002299
44003300
44003311
44003322
44003333
44003344
44003355
44003366
44003377
44003388
44003399
44004400
44004411
44004422
44004433
44004444
44004455
44004466
44004477
44004488
44004499
44005500
44005511
44005522
44005533
44005544
44005555
44005566
44005577
44005588
44005599
44006600
44006611
44006622
44006633
44006644
44006655
44006666
44006677
44006688
44006699
44007700
44007711
44007722
44007733
44007744
44007755
44007766
44007777
44007788
44007799
44008800
44008811
44008822
44008833
44008844
44008855
44008866
44008877
44008888
44008899
44009900
44009911
44009922
44009933
44009944
44009955
44009966
44009977
44009988
44009999
44110000
44110011
44110022
44110033
44110044
44110055
44110066
44110077
44110088
44110099
44111100
44111111
44111122
44111133
44111144
44111155
44111166
44111177
44111188
44111199
44112200
44112211
44112222
44112233
44112244
44112255
44112266
44112277
44112288
44112299
44113300
44113311
44113322
44113333
44113344
44113355
44113366
44113377
44113388
44113399
44114400
44114411
44114422
44114433
44114444
44114455
44114466
44114477
44114488
44114499
44115500
44115511
44115522
44115533
44115544
44115555
44115566
44115577
44115588
44115599
44116600
44116611
44116622
44116633
44116644
44116655
44116666
44116677
44116688
44116699
44117700
44117711
44117722
44117733
44117744
44117755
44117766
44117777
44117788
44117799
44118800
44118811
44118822
44118833
44118844
44118855
44118866
44118877
44118888
44118899
44119900
44119911
44119922
44119933
44119944
44119955
44119966
44119977
44119988
44119999
44220000
44220011
44220022
44220033
44220044
44220055
44220066
44220077
44220088
44220099
44221100
44221111
44221122
44221133
44221144
44221155
44221166
44221177
44221188
44221199
44222200
44222211
44222222
44222233
44222244
44222255
44222266
44222277
44222288
44222299
44223300
44223311
44223322
44223333
44223344
44223355
44223366
44223377
44223388
44223399
44224400
44224411
44224422
44224433
44224444
44224455
44224466
44224477
44224488
44224499
44225500
44225511
44225522
44225533
44225544
44225555
44225566
44225577
44225588
44225599
44226600
44226611
44226622
44226633
44226644
44226655
44226666
44226677
44226688
44226699
44227700
44227711
44227722
44227733
44227744
44227755
44227766
44227777
44227788
44227799
44228800
44228811
44228822
44228833
44228844
44228855
44228866
44228877
44228888
44228899
44229900
44229911
44229922
44229933
44229944
44229955
44229966
44229977
44229988
44229999
44330000
44330011
44330022
44330033
44330044
44330055
44330066
44330077
44330088
44330099
44331100
44331111
44331122
44331133
44331144
44331155
44331166
44331177
44331188
44331199
44332200
44332211
44332222
44332233
44332244
44332255
44332266
44332277
44332288
44332299
44333300
44333311
44333322
44333333
44333344
44333355
44333366
44333377
44333388
44333399
44334400
44334411
44334422
44334433
44334444
44334455
44334466
44334477
44334488
44334499
44335500
44335511
44335522
44335533
44335544
44335555
44335566
44335577
44335588
44335599
44336600
44336611
44336622
44336633
44336644
44336655
44336666
44336677
44336688
44336699
44337700
44337711
44337722
44337733
44337744
44337755
44337766
44337777
44337788
44337799
44338800
44338811
44338822
44338833
44338844
44338855
44338866
44338877
44338888
44338899
44339900
44339911
44339922
44339933
44339944
44339955
44339966
44339977
44339988
44339999
44440000
44440011
44440022
44440033
44440044
44440055
44440066
44440077
44440088
44440099
44441100
44441111
44441122
44441133
44441144
44441155
44441166
44441177
44441188
44441199
44442200
44442211
44442222
44442233
44442244
44442255
44442266
44442277
44442288
44442299
44443300
44443311
44443322
44443333
44443344
44443355
44443366
44443377
44443388
44443399
44444400
44444411
44444422
44444433
44444444
44444455
44444466
44444477
44444488
44444499
44445500
44445511
44445522
44445533
44445544
44445555
44445566
44445577
44445588
44445599
44446600
44446611
44446622
44446633
44446644
44446655
44446666
44446677
44446688
44446699
44447700
44447711
44447722
44447733
44447744
44447755
44447766
44447777
44447788
44447799
44448800
44448811
44448822
44448833
44448844
44448855
44448866
44448877
44448888
44448899
44449900
44449911
44449922
44449933
44449944
44449955
44449966
44449977
44449988
44449999
44550000
44550011
44550022
44550033
44550044
44550055
44550066
44550077
44550088
44550099
44551100
44551111
44551122
44551133
44551144
44551155
44551166
44551177
44551188
44551199
44552200
44552211
44552222
44552233
44552244
44552255
44552266
44552277
44552288
44552299
44553300
44553311
44553322
44553333
44553344
44553355
44553366
44553377
44553388
44553399
44554400
44554411
44554422
44554433
44554444
44554455
44554466
44554477
44554488
44554499
44555500
44555511
44555522
44555533
44555544
44555555
44555566
44555577
44555588
44555599
44556600
44556611
44556622
44556633
44556644
44556655
44556666
44556677
44556688
44556699
44557700
44557711
44557722
44557733
44557744
44557755
44557766
44557777
44557788
44557799
44558800
44558811
44558822
44558833
44558844
44558855
44558866
44558877
44558888
44558899
44559900
44559911
44559922
44559933
44559944
44559955
44559966
44559977
44559988
44559999
44660000
44660011
44660022
44660033
44660044
44660055
44660066
44660077
44660088
44660099
44661100
44661111
44661122
44661133
44661144
44661155
44661166
44661177
44661188
44661199
44662200
44662211
44662222
44662233
44662244
44662255
44662266
44662277
44662288
44662299
44663300
44663311
44663322
44663333
44663344
44663355
44663366
44663377
44663388
44663399
44664400
44664411
44664422
44664433
44664444
44664455
44664466
44664477
44664488
44664499
44665500
44665511
44665522
44665533
44665544
44665555
44665566
44665577
44665588
44665599
44666600
44666611
44666622
44666633
44666644
44666655
44666666
44666677
44666688
44666699
44667700
44667711
44667722
44667733
44667744
44667755
44667766
44667777
44667788
44667799
44668800
44668811
44668822
44668833
44668844
44668855
44668866
44668877
44668888
44668899
44669900
44669911
44669922
44669933
44669944
44669955
44669966
44669977
44669988
44669999
44770000
44770011
44770022
44770033
44770044
44770055
44770066
44770077
44770088
44770099
44771100
44771111
44771122
44771133
44771144
44771155
44771166
44771177
44771188
44771199
44772200
44772211
44772222
44772233
44772244
44772255
44772266
44772277
44772288
44772299
44773300
44773311
44773322
44773333
44773344
44773355
44773366
44773377
44773388
44773399
44774400
44774411
44774422
44774433
44774444
44774455
44774466
44774477
44774488
44774499
44775500
44775511
44775522
44775533
44775544
44775555
44775566
44775577
44775588
44775599
44776600
44776611
44776622
44776633
44776644
44776655
44776666
44776677
44776688
44776699
44777700
44777711
44777722
44777733
44777744
44777755
44777766
44777777
44777788
44777799
44778800
44778811
44778822
44778833
44778844
44778855
44778866
44778877
44778888
44778899
44779900
44779911
44779922
44779933
44779944
44779955
44779966
44779977
44779988
44779999
44880000
44880011
44880022
44880033
44880044
44880055
44880066
44880077
44880088
44880099
44881100
44881111
44881122
44881133
44881144
44881155
44881166
44881177
44881188
44881199
44882200
44882211
44882222
44882233
44882244
44882255
44882266
44882277
44882288
44882299
44883300
44883311
44883322
44883333
44883344
44883355
44883366
44883377
44883388
44883399
44884400
44884411
44884422
44884433
44884444
44884455
44884466
44884477
44884488
44884499
44885500
44885511
44885522
44885533
44885544
44885555
44885566
44885577
44885588
44885599
44886600
44886611
44886622
44886633
44886644
44886655
44886666
44886677
44886688
44886699
44887700
44887711
44887722
44887733
44887744
44887755
44887766
44887777
44887788
44887799
44888800
44888811
44888822
44888833
44888844
44888855
44888866
44888877
44888888
44888899
44889900
44889911
44889922
44889933
44889944
44889955
44889966
44889977
44889988
44889999
44990000
44990011
44990022
44990033
44990044
44990055
44990066
44990077
44990088
44990099
44991100
44991111
44991122
44991133
44991144
44991155
44991166
44991177
44991188
44991199
44992200
44992211
44992222
44992233
44992244
44992255
44992266
44992277
44992288
44992299
44993300
44993311
44993322
44993333
44993344
44993355
44993366
44993377
44993388
44993399
44994400
44994411
44994422
44994433
44994444
44994455
44994466
44994477
44994488
44994499
44995500
44995511
44995522
44995533
44995544
44995555
44995566
44995577
44995588
44995599
44996600
44996611
44996622
44996633
44996644
44996655
44996666
44996677
44996688
44996699
44997700
44997711
44997722
44997733
44997744
44997755
44997766
44997777
44997788
44997799
44998800
44998811
44998822
44998833
44998844
44998855
44998866
44998877
44998888
44998899
44999900
44999911
44999922
44999933
44999944
44999955
44999966
44999977
44999988
44999999
55000000
55000011
55000022
55000033
55000044
55000055
55000066
55000077
55000088
55000099
55001100
55001111
55001122
55001133
55001144
55001155
55001166
55001177
55001188
55001199
55002200
55002211
55002222
55002233
55002244
55002255
55002266
55002277
55002288
55002299
55003300
55003311
55003322
55003333
55003344
55003355
55003366
55003377
55003388
55003399
55004400
55004411
55004422
55004433
55004444
55004455
55004466
55004477
55004488
55004499
55005500
55005511
55005522
55005533
55005544
55005555
55005566
55005577
55005588
55005599
55006600
55006611
55006622
55006633
55006644
55006655
55006666
55006677
55006688
55006699
55007700
55007711
55007722
55007733
55007744
55007755
55007766
55007777
55007788
55007799
55008800
55008811
55008822
55008833
55008844
55008855
55008866
55008877
55008888
55008899
55009900
55009911
55009922
55009933
55009944
55009955
55009966
55009977
55009988
55009999
55110000
55110011
55110022
55110033
55110044
55110055
55110066
55110077
55110088
55110099
55111100
55111111
55111122
55111133
55111144
55111155
55111166
55111177
55111188
55111199
55112200
55112211
55112222
55112233
55112244
55112255
55112266
55112277
55112288
55112299
55113300
55113311
55113322
55113333
55113344
55113355
55113366
55113377
55113388
55113399
55114400
55114411
55114422
55114433
55114444
55114455
55114466
55114477
55114488
55114499
55115500
55115511
55115522
55115533
55115544
55115555
55115566
55115577
55115588
55115599
55116600
55116611
55116622
55116633
55116644
55116655
55116666
55116677
55116688
55116699
55117700
55117711
55117722
55117733
55117744
55117755
55117766
55117777
55117788
55117799
55118800
55118811
55118822
55118833
55118844
55118855
55118866
55118877
55118888
55118899
55119900
55119911
55119922
55119933
55119944
55119955
55119966
55119977
55119988
55119999
55220000
55220011
55220022
55220033
55220044
55220055
55220066
55220077
55220088
55220099
55221100
55221111
55221122
55221133
55221144
55221155
55221166
55221177
55221188
55221199
55222200
55222211
55222222
55222233
55222244
55222255
55222266
55222277
55222288
55222299
55223300
55223311
55223322
55223333
55223344
55223355
55223366
55223377
55223388
55223399
55224400
55224411
55224422
55224433
55224444
55224455
55224466
55224477
55224488
55224499
55225500
55225511
55225522
55225533
55225544
55225555
55225566
55225577
55225588
55225599
55226600
55226611
55226622
55226633
55226644
55226655
55226666
55226677
55226688
55226699
55227700
55227711
55227722
55227733
55227744
55227755
55227766
55227777
55227788
55227799
55228800
55228811
55228822
55228833
55228844
55228855
55228866
55228877
55228888
55228899
55229900
55229911
55229922
55229933
55229944
55229955
55229966
55229977
55229988
55229999
55330000
55330011
55330022
55330033
55330044
55330055
55330066
55330077
55330088
55330099
55331100
55331111
55331122
55331133
55331144
55331155
55331166
55331177
55331188
55331199
55332200
55332211
55332222
55332233
55332244
55332255
55332266
55332277
55332288
55332299
55333300
55333311
55333322
55333333
55333344
55333355
55333366
55333377
55333388
55333399
55334400
55334411
55334422
55334433
55334444
55334455
55334466
55334477
55334488
55334499
55335500
55335511
55335522
55335533
55335544
55335555
55335566
55335577
55335588
55335599
55336600
55336611
55336622
55336633
55336644
55336655
55336666
55336677
55336688
55336699
55337700
55337711
55337722
55337733
55337744
55337755
55337766
55337777
55337788
55337799
55338800
55338811
55338822
55338833
55338844
55338855
55338866
55338877
55338888
55338899
55339900
55339911
55339922
55339933
55339944
55339955
55339966
55339977
55339988
55339999
55440000
55440011
55440022
55440033
55440044
55440055
55440066
55440077
55440088
55440099
55441100
55441111
55441122
55441133
55441144
55441155
55441166
55441177
55441188
55441199
55442200
55442211
55442222
55442233
55442244
55442255
55442266
55442277
55442288
55442299
55443300
55443311
55443322
55443333
55443344
55443355
55443366
55443377
55443388
55443399
55444400
55444411
55444422
55444433
55444444
55444455
55444466
55444477
55444488
55444499
55445500
55445511
55445522
55445533
55445544
55445555
55445566
55445577
55445588
55445599
55446600
55446611
55446622
55446633
55446644
55446655
55446666
55446677
55446688
55446699
55447700
55447711
55447722
55447733
55447744
55447755
55447766
55447777
55447788
55447799
55448800
55448811
55448822
55448833
55448844
55448855
55448866
55448877
55448888
55448899
55449900
55449911
55449922
55449933
55449944
55449955
55449966
55449977
55449988
55449999
55550000
55550011
55550022
55550033
55550044
55550055
55550066
55550077
55550088
55550099
55551100
55551111
55551122
55551133
55551144
55551155
55551166
55551177
55551188
55551199
55552200
55552211
55552222
55552233
55552244
55552255
55552266
55552277
55552288
55552299
55553300
55553311
55553322
55553333
55553344
55553355
55553366
55553377
55553388
55553399
55554400
55554411
55554422
55554433
55554444
55554455
55554466
55554477
55554488
55554499
55555500
55555511
55555522
55555533
55555544
55555555
55555566
55555577
55555588
55555599
55556600
55556611
55556622
55556633
55556644
55556655
55556666
55556677
55556688
55556699
55557700
55557711
55557722
55557733
55557744
55557755
55557766
55557777
55557788
55557799
55558800
55558811
55558822
55558833
55558844
55558855
55558866
55558877
55558888
55558899
55559900
55559911
55559922
55559933
55559944
55559955
55559966
55559977
55559988
55559999
55660000
55660011
55660022
55660033
55660044
55660055
55660066
55660077
55660088
55660099
55661100
55661111
55661122
55661133
55661144
55661155
55661166
55661177
55661188
55661199
55662200
55662211
55662222
55662233
55662244
55662255
55662266
55662277
55662288
55662299
55663300
55663311
55663322
55663333
55663344
55663355
55663366
55663377
55663388
55663399
55664400
55664411
55664422
55664433
55664444
55664455
55664466
55664477
55664488
55664499
55665500
55665511
55665522
55665533
55665544
55665555
55665566
55665577
55665588
55665599
55666600
55666611
55666622
55666633
55666644
55666655
55666666
55666677
55666688
55666699
55667700
55667711
55667722
55667733
55667744
55667755
55667766
55667777
55667788
55667799
55668800
55668811
55668822
55668833
55668844
55668855
55668866
55668877
55668888
55668899
55669900
55669911
55669922
55669933
55669944
55669955
55669966
55669977
55669988
55669999
55770000
55770011
55770022
55770033
55770044
55770055
55770066
55770077
55770088
55770099
55771100
55771111
55771122
55771133
55771144
55771155
55771166
55771177
55771188
55771199
55772200
55772211
55772222
55772233
55772244
55772255
55772266
55772277
55772288
55772299
55773300
55773311
55773322
55773333
55773344
55773355
55773366
55773377
55773388
55773399
55774400
55774411
55774422
55774433
55774444
55774455
55774466
55774477
55774488
55774499
55775500
55775511
55775522
55775533
55775544
55775555
55775566
55775577
55775588
55775599
55776600
55776611
55776622
55776633
55776644
55776655
55776666
55776677
55776688
55776699
55777700
55777711
55777722
55777733
55777744
55777755
55777766
55777777
55777788
55777799
55778800
55778811
55778822
55778833
55778844
55778855
55778866
55778877
55778888
55778899
55779900
55779911
55779922
55779933
55779944
55779955
55779966
55779977
55779988
55779999
55880000
55880011
55880022
55880033
55880044
55880055
55880066
55880077
55880088
55880099
55881100
55881111
55881122
55881133
55881144
55881155
55881166
55881177
55881188
55881199
55882200
55882211
55882222
55882233
55882244
55882255
55882266
55882277
55882288
55882299
55883300
55883311
55883322
55883333
55883344
55883355
55883366
55883377
55883388
55883399
55884400
55884411
55884422
55884433
55884444
55884455
55884466
55884477
55884488
55884499
55885500
55885511
55885522
55885533
55885544
55885555
55885566
55885577
55885588
55885599
55886600
55886611
55886622
55886633
55886644
55886655
55886666
55886677
55886688
55886699
55887700
55887711
55887722
55887733
55887744
55887755
55887766
55887777
55887788
55887799
55888800
55888811
55888822
55888833
55888844
55888855
55888866
55888877
55888888
55888899
55889900
55889911
55889922
55889933
55889944
55889955
55889966
55889977
55889988
55889999
55990000
55990011
55990022
55990033
55990044
55990055
55990066
55990077
55990088
55990099
55991100
55991111
55991122
55991133
55991144
55991155
55991166
55991177
55991188
55991199
55992200
55992211
55992222
55992233
55992244
55992255
55992266
55992277
55992288
55992299
55993300
55993311
55993322
55993333
55993344
55993355
55993366
55993377
55993388
55993399
55994400
55994411
55994422
55994433
55994444
55994455
55994466
55994477
55994488
55994499
55995500
55995511
55995522
55995533
55995544
55995555
55995566
55995577
55995588
55995599
55996600
55996611
55996622
55996633
55996644
55996655
55996666
55996677
55996688
55996699
55997700
55997711
55997722
55997733
55997744
55997755
55997766
55997777
55997788
55997799
55998800
55998811
55998822
55998833
55998844
55998855
55998866
55998877
55998888
55998899
55999900
55999911
55999922
55999933
55999944
55999955
55999966
55999977
55999988
55999999
66000000
66000011
66000022
66000033
66000044
66000055
66000066
66000077
66000088
66000099
66001100
66001111
66001122
66001133
66001144
66001155
66001166
66001177
66001188
66001199
66002200
66002211
66002222
66002233
66002244
66002255
66002266
66002277
66002288
66002299
66003300
66003311
66003322
66003333
66003344
66003355
66003366
66003377
66003388
66003399
66004400
66004411
66004422
66004433
66004444
66004455
66004466
66004477
66004488
66004499
66005500
66005511
66005522
66005533
66005544
66005555
66005566
66005577
66005588
66005599
66006600
66006611
66006622
66006633
66006644
66006655
66006666
66006677
66006688
66006699
66007700
66007711
66007722
66007733
66007744
66007755
66007766
66007777
66007788
66007799
66008800
66008811
66008822
66008833
66008844
66008855
66008866
66008877
66008888
66008899
66009900
66009911
66009922
66009933
66009944
66009955
66009966
66009977
66009988
66009999
66110000
66110011
66110022
66110033
66110044
66110055
66110066
66110077
66110088
66110099
66111100
66111111
66111122
66111133
66111144
66111155
66111166
66111177
66111188
66111199
66112200
66112211
66112222
66112233
66112244
66112255
66112266
66112277
66112288
66112299
66113300
66113311
66113322
66113333
66113344
66113355
66113366
66113377
66113388
66113399
66114400
66114411
66114422
66114433
66114444
66114455
66114466
66114477
66114488
66114499
66115500
66115511
66115522
66115533
66115544
66115555
66115566
66115577
66115588
66115599
66116600
66116611
66116622
66116633
66116644
66116655
66116666
66116677
66116688
66116699
66117700
66117711
66117722
66117733
66117744
66117755
66117766
66117777
66117788
66117799
66118800
66118811
66118822
66118833
66118844
66118855
66118866
66118877
66118888
66118899
66119900
66119911
66119922
66119933
66119944
66119955
66119966
66119977
66119988
66119999
66220000
66220011
66220022
66220033
66220044
66220055
66220066
66220077
66220088
66220099
66221100
66221111
66221122
66221133
66221144
66221155
66221166
66221177
66221188
66221199
66222200
66222211
66222222
66222233
66222244
66222255
66222266
66222277
66222288
66222299
66223300
66223311
66223322
66223333
66223344
66223355
66223366
66223377
66223388
66223399
66224400
66224411
66224422
66224433
66224444
66224455
66224466
66224477
66224488
66224499
66225500
66225511
66225522
66225533
66225544
66225555
66225566
66225577
66225588
66225599
66226600
66226611
66226622
66226633
66226644
66226655
66226666
66226677
66226688
66226699
66227700
66227711
66227722
66227733
66227744
66227755
66227766
66227777
66227788
66227799
66228800
66228811
66228822
66228833
66228844
66228855
66228866
66228877
66228888
66228899
66229900
66229911
66229922
66229933
66229944
66229955
66229966
66229977
66229988
66229999
66330000
66330011
66330022
66330033
66330044
66330055
66330066
66330077
66330088
66330099
66331100
66331111
66331122
66331133
66331144
66331155
66331166
66331177
66331188
66331199
66332200
66332211
66332222
66332233
66332244
66332255
66332266
66332277
66332288
66332299
66333300
66333311
66333322
66333333
66333344
66333355
66333366
66333377
66333388
66333399
66334400
66334411
66334422
66334433
66334444
66334455
66334466
66334477
66334488
66334499
66335500
66335511
66335522
66335533
66335544
66335555
66335566
66335577
66335588
66335599
66336600
66336611
66336622
66336633
66336644
66336655
66336666
66336677
66336688
66336699
66337700
66337711
66337722
66337733
66337744
66337755
66337766
66337777
66337788
66337799
66338800
66338811
66338822
66338833
66338844
66338855
66338866
66338877
66338888
66338899
66339900
66339911
66339922
66339933
66339944
66339955
66339966
66339977
66339988
66339999
66440000
66440011
66440022
66440033
66440044
66440055
66440066
66440077
66440088
66440099
66441100
66441111
66441122
66441133
66441144
66441155
66441166
66441177
66441188
66441199
66442200
66442211
66442222
66442233
66442244
66442255
66442266
66442277
66442288
66442299
66443300
66443311
66443322
66443333
66443344
66443355
66443366
66443377
66443388
66443399
66444400
66444411
66444422
66444433
66444444
66444455
66444466
66444477
66444488
66444499
66445500
66445511
66445522
66445533
66445544
66445555
66445566
66445577
66445588
66445599
66446600
66446611
66446622
66446633
66446644
66446655
66446666
66446677
66446688
66446699
66447700
66447711
66447722
66447733
66447744
66447755
66447766
66447777
66447788
66447799
66448800
66448811
66448822
66448833
66448844
66448855
66448866
66448877
66448888
66448899
66449900
66449911
66449922
66449933
66449944
66449955
66449966
66449977
66449988
66449999
66550000
66550011
66550022
66550033
66550044
66550055
66550066
66550077
66550088
66550099
66551100
66551111
66551122
66551133
66551144
66551155
66551166
66551177
66551188
66551199
66552200
66552211
66552222
66552233
66552244
66552255
66552266
66552277
66552288
66552299
66553300
66553311
66553322
66553333
66553344
66553355
66553366
66553377
66553388
66553399
66554400
66554411
66554422
66554433
66554444
66554455
66554466
66554477
66554488
66554499
66555500
66555511
66555522
66555533
66555544
66555555
66555566
66555577
66555588
66555599
66556600
66556611
66556622
66556633
66556644
66556655
66556666
66556677
66556688
66556699
66557700
66557711
66557722
66557733
66557744
66557755
66557766
66557777
66557788
66557799
66558800
66558811
66558822
66558833
66558844
66558855
66558866
66558877
66558888
66558899
66559900
66559911
66559922
66559933
66559944
66559955
66559966
66559977
66559988
66559999
66660000
66660011
66660022
66660033
66660044
66660055
66660066
66660077
66660088
66660099
66661100
66661111
66661122
66661133
66661144
66661155
66661166
66661177
66661188
66661199
66662200
66662211
66662222
66662233
66662244
66662255
66662266
66662277
66662288
66662299
66663300
66663311
66663322
66663333
66663344
66663355
66663366
66663377
66663388
66663399
66664400
66664411
66664422
66664433
66664444
66664455
66664466
66664477
66664488
66664499
66665500
66665511
66665522
66665533
66665544
66665555
66665566
66665577
66665588
66665599
66666600
66666611
66666622
66666633
66666644
66666655
66666666
66666677
66666688
66666699
66667700
66667711
66667722
66667733
66667744
66667755
66667766
66667777
66667788
66667799
66668800
66668811
66668822
66668833
66668844
66668855
66668866
66668877
66668888
66668899
66669900
66669911
66669922
66669933
66669944
66669955
66669966
66669977
66669988
66669999
66770000
66770011
66770022
66770033
66770044
66770055
66770066
66770077
66770088
66770099
66771100
66771111
66771122
66771133
66771144
66771155
66771166
66771177
66771188
66771199
66772200
66772211
66772222
66772233
66772244
66772255
66772266
66772277
66772288
66772299
66773300
66773311
66773322
66773333
66773344
66773355
66773366
66773377
66773388
66773399
66774400
66774411
66774422
66774433
66774444
66774455
66774466
66774477
66774488
66774499
66775500
66775511
66775522
66775533
66775544
66775555
66775566
66775577
66775588
66775599
66776600
66776611
66776622
66776633
66776644
66776655
66776666
66776677
66776688
66776699
66777700
66777711
66777722
66777733
66777744
66777755
66777766
66777777
66777788
66777799
66778800
66778811
66778822
66778833
66778844
66778855
66778866
66778877
66778888
66778899
66779900
66779911
66779922
66779933
66779944
66779955
66779966
66779977
66779988
66779999
66880000
66880011
66880022
66880033
66880044
66880055
66880066
66880077
66880088
66880099
66881100
66881111
66881122
66881133
66881144
66881155
66881166
66881177
66881188
66881199
66882200
66882211
66882222
66882233
66882244
66882255
66882266
66882277
66882288
66882299
66883300
66883311
66883322
66883333
66883344
66883355
66883366
66883377
66883388
66883399
66884400
66884411
66884422
66884433
66884444
66884455
66884466
66884477
66884488
66884499
66885500
66885511
66885522
66885533
66885544
66885555
66885566
66885577
66885588
66885599
66886600
66886611
66886622
66886633
66886644
66886655
66886666
66886677
66886688
66886699
66887700
66887711
66887722
66887733
66887744
66887755
66887766
66887777
66887788
66887799
66888800
66888811
66888822
66888833
66888844
66888855
66888866
66888877
66888888
66888899
66889900
66889911
66889922
66889933
66889944
66889955
66889966
66889977
66889988
66889999
66990000
66990011
66990022
66990033
66990044
66990055
66990066
66990077
66990088
66990099
66991100
66991111
66991122
66991133
66991144
66991155
66991166
66991177
66991188
66991199
66992200
66992211
66992222
66992233
66992244
66992255
66992266
66992277
66992288
66992299
66993300
66993311
66993322
66993333
66993344
66993355
66993366
66993377
66993388
66993399
66994400
66994411
66994422
66994433
66994444
66994455
66994466
66994477
66994488
66994499
66995500
66995511
66995522
66995533
66995544
66995555
66995566
66995577
66995588
66995599
66996600
66996611
66996622
66996633
66996644
66996655
66996666
66996677
66996688
66996699
66997700
66997711
66997722
66997733
66997744
66997755
66997766
66997777
66997788
66997799
66998800
66998811
66998822
66998833
66998844
66998855
66998866
66998877
66998888
66998899
66999900
66999911
66999922
66999933
66999944
66999955
66999966
66999977
66999988
66999999
77000000
77000011
77000022
77000033
77000044
77000055
77000066
77000077
77000088
77000099
77001100
77001111
77001122
77001133
77001144
77001155
77001166
77001177
77001188
77001199
77002200
77002211
77002222
77002233
77002244
77002255
77002266
77002277
77002288
77002299
77003300
77003311
77003322
77003333
77003344
77003355
77003366
77003377
77003388
77003399
77004400
77004411
77004422
77004433
77004444
77004455
77004466
77004477
77004488
77004499
77005500
77005511
77005522
77005533
77005544
77005555
77005566
77005577
77005588
77005599
77006600
77006611
77006622
77006633
77006644
77006655
77006666
77006677
77006688
77006699
77007700
77007711
77007722
77007733
77007744
77007755
77007766
77007777
77007788
77007799
77008800
77008811
77008822
77008833
77008844
77008855
77008866
77008877
77008888
77008899
77009900
77009911
77009922
77009933
77009944
77009955
77009966
77009977
77009988
77009999
77110000
77110011
77110022
77110033
77110044
77110055
77110066
77110077
77110088
77110099
77111100
77111111
77111122
77111133
77111144
77111155
77111166
77111177
77111188
77111199
77112200
77112211
77112222
77112233
77112244
77112255
77112266
77112277
77112288
77112299
77113300
77113311
77113322
77113333
77113344
77113355
77113366
77113377
77113388
77113399
77114400
77114411
77114422
77114433
77114444
77114455
77114466
77114477
77114488
77114499
77115500
77115511
77115522
77115533
77115544
77115555
77115566
77115577
77115588
77115599
77116600
77116611
77116622
77116633
77116644
77116655
77116666
77116677
77116688
77116699
77117700
77117711
77117722
77117733
77117744
77117755
77117766
77117777
77117788
77117799
77118800
77118811
77118822
77118833
77118844
77118855
77118866
77118877
77118888
77118899
77119900
77119911
77119922
77119933
77119944
77119955
77119966
77119977
77119988
77119999
77220000
77220011
77220022
77220033
77220044
77220055
77220066
77220077
77220088
77220099
77221100
77221111
77221122
77221133
77221144
77221155
77221166
77221177
77221188
77221199
77222200
77222211
77222222
77222233
77222244
77222255
77222266
77222277
77222288
77222299
77223300
77223311
77223322
77223333
77223344
77223355
77223366
77223377
77223388
77223399
77224400
77224411
77224422
77224433
77224444
77224455
77224466
77224477
77224488
77224499
77225500
77225511
77225522
77225533
77225544
77225555
77225566
77225577
77225588
77225599
77226600
77226611
77226622
77226633
77226644
77226655
77226666
77226677
77226688
77226699
77227700
77227711
77227722
77227733
77227744
77227755
77227766
77227777
77227788
77227799
77228800
77228811
77228822
77228833
77228844
77228855
77228866
77228877
77228888
77228899
77229900
77229911
77229922
77229933
77229944
77229955
77229966
77229977
77229988
77229999
77330000
77330011
77330022
77330033
77330044
77330055
77330066
77330077
77330088
77330099
77331100
77331111
77331122
77331133
77331144
77331155
77331166
77331177
77331188
77331199
77332200
77332211
77332222
77332233
77332244
77332255
77332266
77332277
77332288
77332299
77333300
77333311
77333322
77333333
77333344
77333355
77333366
77333377
77333388
77333399
77334400
77334411
77334422
77334433
77334444
77334455
77334466
77334477
77334488
77334499
77335500
77335511
77335522
77335533
77335544
77335555
77335566
77335577
77335588
77335599
77336600
77336611
77336622
77336633
77336644
77336655
77336666
77336677
77336688
77336699
77337700
77337711
77337722
77337733
77337744
77337755
77337766
77337777
77337788
77337799
77338800
77338811
77338822
77338833
77338844
77338855
77338866
77338877
77338888
77338899
77339900
77339911
77339922
77339933
77339944
77339955
77339966
77339977
77339988
77339999
77440000
77440011
77440022
77440033
77440044
77440055
77440066
77440077
77440088
77440099
77441100
77441111
77441122
77441133
77441144
77441155
77441166
77441177
77441188
77441199
77442200
77442211
77442222
77442233
77442244
77442255
77442266
77442277
77442288
77442299
77443300
77443311
77443322
77443333
77443344
77443355
77443366
77443377
77443388
77443399
77444400
77444411
77444422
77444433
77444444
77444455
77444466
77444477
77444488
77444499
77445500
77445511
77445522
77445533
77445544
77445555
77445566
77445577
77445588
77445599
77446600
77446611
77446622
77446633
77446644
77446655
77446666
77446677
77446688
77446699
77447700
77447711
77447722
77447733
77447744
77447755
77447766
77447777
77447788
77447799
77448800
77448811
77448822
77448833
77448844
77448855
77448866
77448877
77448888
77448899
77449900
77449911
77449922
77449933
77449944
77449955
77449966
77449977
77449988
77449999
77550000
77550011
77550022
77550033
77550044
77550055
77550066
77550077
77550088
77550099
77551100
77551111
77551122
77551133
77551144
77551155
77551166
77551177
77551188
77551199
77552200
77552211
77552222
77552233
77552244
77552255
77552266
77552277
77552288
77552299
77553300
77553311
77553322
77553333
77553344
77553355
77553366
77553377
77553388
77553399
77554400
77554411
77554422
77554433
77554444
77554455
77554466
77554477
77554488
77554499
77555500
77555511
77555522
77555533
77555544
77555555
77555566
77555577
77555588
77555599
77556600
77556611
77556622
77556633
77556644
77556655
77556666
77556677
77556688
77556699
77557700
77557711
77557722
77557733
77557744
77557755
77557766
77557777
77557788
77557799
77558800
77558811
77558822
77558833
77558844
77558855
77558866
77558877
77558888
77558899
77559900
77559911
77559922
77559933
77559944
77559955
77559966
77559977
77559988
77559999
77660000
77660011
77660022
77660033
77660044
77660055
77660066
77660077
77660088
77660099
77661100
77661111
77661122
77661133
77661144
77661155
77661166
77661177
77661188
77661199
77662200
77662211
77662222
77662233
77662244
77662255
77662266
77662277
77662288
77662299
77663300
77663311
77663322
77663333
77663344
77663355
77663366
77663377
77663388
77663399
77664400
77664411
77664422
77664433
77664444
77664455
77664466
77664477
77664488
77664499
77665500
77665511
77665522
77665533
77665544
77665555
77665566
77665577
77665588
77665599
77666600
77666611
77666622
77666633
77666644
77666655
77666666
77666677
77666688
77666699
77667700
77667711
77667722
77667733
77667744
77667755
77667766
77667777
77667788
77667799
77668800
77668811
77668822
77668833
77668844
77668855
77668866
77668877
77668888
77668899
77669900
77669911
77669922
77669933
77669944
77669955
77669966
77669977
77669988
77669999
77770000
77770011
77770022
77770033
77770044
77770055
77770066
77770077
77770088
77770099
77771100
77771111
77771122
77771133
77771144
77771155
77771166
77771177
77771188
77771199
77772200
77772211
77772222
77772233
77772244
77772255
77772266
77772277
77772288
77772299
77773300
77773311
77773322
77773333
77773344
77773355
77773366
77773377
77773388
77773399
77774400
77774411
77774422
77774433
77774444
77774455
77774466
77774477
77774488
77774499
77775500
77775511
77775522
77775533
77775544
77775555
77775566
77775577
77775588
77775599
77776600
77776611
77776622
77776633
77776644
77776655
77776666
77776677
77776688
77776699
77777700
77777711
77777722
77777733
77777744
77777755
77777766
77777777
77777788
77777799
77778800
77778811
77778822
77778833
77778844
77778855
77778866
77778877
77778888
77778899
77779900
77779911
77779922
77779933
77779944
77779955
77779966
77779977
77779988
77779999
77880000
77880011
77880022
77880033
77880044
77880055
77880066
77880077
77880088
77880099
77881100
77881111
77881122
77881133
77881144
77881155
77881166
77881177
77881188
77881199
77882200
77882211
77882222
77882233
77882244
77882255
77882266
77882277
77882288
77882299
77883300
77883311
77883322
77883333
77883344
77883355
77883366
77883377
77883388
77883399
77884400
77884411
77884422
77884433
77884444
77884455
77884466
77884477
77884488
77884499
77885500
77885511
77885522
77885533
77885544
77885555
77885566
77885577
77885588
77885599
77886600
77886611
77886622
77886633
77886644
77886655
77886666
77886677
77886688
77886699
77887700
77887711
77887722
77887733
77887744
77887755
77887766
77887777
77887788
77887799
77888800
77888811
77888822
77888833
77888844
77888855
77888866
77888877
77888888
77888899
77889900
77889911
77889922
77889933
77889944
77889955
77889966
77889977
77889988
77889999
77990000
77990011
77990022
77990033
77990044
77990055
77990066
77990077
77990088
77990099
77991100
77991111
77991122
77991133
77991144
77991155
77991166
77991177
77991188
77991199
77992200
77992211
77992222
77992233
77992244
77992255
77992266
77992277
77992288
77992299
77993300
77993311
77993322
77993333
77993344
77993355
77993366
77993377
77993388
77993399
77994400
77994411
77994422
77994433
77994444
77994455
77994466
77994477
77994488
77994499
77995500
77995511
77995522
77995533
77995544
77995555
77995566
77995577
77995588
77995599
77996600
77996611
77996622
77996633
77996644
77996655
77996666
77996677
77996688
77996699
77997700
77997711
77997722
77997733
77997744
77997755
77997766
77997777
77997788
77997799
77998800
77998811
77998822
77998833
77998844
77998855
77998866
77998877
77998888
77998899
77999900
77999911
77999922
77999933
77999944
77999955
77999966
77999977
77999988
77999999
88000000
88000011
88000022
88000033
88000044
88000055
88000066
88000077
88000088
88000099
88001100
88001111
88001122
88001133
88001144
88001155
88001166
88001177
88001188
88001199
88002200
88002211
88002222
88002233
88002244
88002255
88002266
88002277
88002288
88002299
88003300
88003311
88003322
88003333
88003344
88003355
88003366
88003377
88003388
88003399
88004400
88004411
88004422
88004433
88004444
88004455
88004466
88004477
88004488
88004499
88005500
88005511
88005522
88005533
88005544
88005555
88005566
88005577
88005588
88005599
88006600
88006611
88006622
88006633
88006644
88006655
88006666
88006677
88006688
88006699
88007700
88007711
88007722
88007733
88007744
88007755
88007766
88007777
88007788
88007799
88008800
88008811
88008822
88008833
88008844
88008855
88008866
88008877
88008888
88008899
88009900
88009911
88009922
88009933
88009944
88009955
88009966
88009977
88009988
88009999
88110000
88110011
88110022
88110033
88110044
88110055
88110066
88110077
88110088
88110099
88111100
88111111
88111122
88111133
88111144
88111155
88111166
88111177
88111188
88111199
88112200
88112211
88112222
88112233
88112244
88112255
88112266
88112277
88112288
88112299
88113300
88113311
88113322
88113333
88113344
88113355
88113366
88113377
88113388
88113399
88114400
88114411
88114422
88114433
88114444
88114455
88114466
88114477
88114488
88114499
88115500
88115511
88115522
88115533
88115544
88115555
88115566
88115577
88115588
88115599
88116600
88116611
88116622
88116633
88116644
88116655
88116666
88116677
88116688
88116699
88117700
88117711
88117722
88117733
88117744
88117755
88117766
88117777
88117788
88117799
88118800
88118811
88118822
88118833
88118844
88118855
88118866
88118877
88118888
88118899
88119900
88119911
88119922
88119933
88119944
88119955
88119966
88119977
88119988
88119999
88220000
88220011
88220022
88220033
88220044
88220055
88220066
88220077
88220088
88220099
88221100
88221111
88221122
88221133
88221144
88221155
88221166
88221177
88221188
88221199
88222200
88222211
88222222
88222233
88222244
88222255
88222266
88222277
88222288
88222299
88223300
88223311
88223322
88223333
88223344
88223355
88223366
88223377
88223388
88223399
88224400
88224411
88224422
88224433
88224444
88224455
88224466
88224477
88224488
88224499
88225500
88225511
88225522
88225533
88225544
88225555
88225566
88225577
88225588
88225599
88226600
88226611
88226622
88226633
88226644
88226655
88226666
88226677
88226688
88226699
88227700
88227711
88227722
88227733
88227744
88227755
88227766
88227777
88227788
88227799
88228800
88228811
88228822
88228833
88228844
88228855
88228866
88228877
88228888
88228899
88229900
88229911
88229922
88229933
88229944
88229955
88229966
88229977
88229988
88229999
88330000
88330011
88330022
88330033
88330044
88330055
88330066
88330077
88330088
88330099
88331100
88331111
88331122
88331133
88331144
88331155
88331166
88331177
88331188
88331199
88332200
88332211
88332222
88332233
88332244
88332255
88332266
88332277
88332288
88332299
88333300
88333311
88333322
88333333
88333344
88333355
88333366
88333377
88333388
88333399
88334400
88334411
88334422
88334433
88334444
88334455
88334466
88334477
88334488
88334499
88335500
88335511
88335522
88335533
88335544
88335555
88335566
88335577
88335588
88335599
88336600
88336611
88336622
88336633
88336644
88336655
88336666
88336677
88336688
88336699
88337700
88337711
88337722
88337733
88337744
88337755
88337766
88337777
88337788
88337799
88338800
88338811
88338822
88338833
88338844
88338855
88338866
88338877
88338888
88338899
88339900
88339911
88339922
88339933
88339944
88339955
88339966
88339977
88339988
88339999
88440000
88440011
88440022
88440033
88440044
88440055
88440066
88440077
88440088
88440099
88441100
88441111
88441122
88441133
88441144
88441155
88441166
88441177
88441188
88441199
88442200
88442211
88442222
88442233
88442244
88442255
88442266
88442277
88442288
88442299
88443300
88443311
88443322
88443333
88443344
88443355
88443366
88443377
88443388
88443399
88444400
88444411
88444422
88444433
88444444
88444455
88444466
88444477
88444488
88444499
88445500
88445511
88445522
88445533
88445544
88445555
88445566
88445577
88445588
88445599
88446600
88446611
88446622
88446633
88446644
88446655
88446666
88446677
88446688
88446699
88447700
88447711
88447722
88447733
88447744
88447755
88447766
88447777
88447788
88447799
88448800
88448811
88448822
88448833
88448844
88448855
88448866
88448877
88448888
88448899
88449900
88449911
88449922
88449933
88449944
88449955
88449966
88449977
88449988
88449999
88550000
88550011
88550022
88550033
88550044
88550055
88550066
88550077
88550088
88550099
88551100
88551111
88551122
88551133
88551144
88551155
88551166
88551177
88551188
88551199
88552200
88552211
88552222
88552233
88552244
88552255
88552266
88552277
88552288
88552299
88553300
88553311
88553322
88553333
88553344
88553355
88553366
88553377
88553388
88553399
88554400
88554411
88554422
88554433
88554444
88554455
88554466
88554477
88554488
88554499
88555500
88555511
88555522
88555533
88555544
88555555
88555566
88555577
88555588
88555599
88556600
88556611
88556622
88556633
88556644
88556655
88556666
88556677
88556688
88556699
88557700
88557711
88557722
88557733
88557744
88557755
88557766
88557777
88557788
88557799
88558800
88558811
88558822
88558833
88558844
88558855
88558866
88558877
88558888
88558899
88559900
88559911
88559922
88559933
88559944
88559955
88559966
88559977
88559988
88559999
88660000
88660011
88660022
88660033
88660044
88660055
88660066
88660077
88660088
88660099
88661100
88661111
88661122
88661133
88661144
88661155
88661166
88661177
88661188
88661199
88662200
88662211
88662222
88662233
88662244
88662255
88662266
88662277
88662288
88662299
88663300
88663311
88663322
88663333
88663344
88663355
88663366
88663377
88663388
88663399
88664400
88664411
88664422
88664433
88664444
88664455
88664466
88664477
88664488
88664499
88665500
88665511
88665522
88665533
88665544
88665555
88665566
88665577
88665588
88665599
88666600
88666611
88666622
88666633
88666644
88666655
88666666
88666677
88666688
88666699
88667700
88667711
88667722
88667733
88667744
88667755
88667766
88667777
88667788
88667799
88668800
88668811
88668822
88668833
88668844
88668855
88668866
88668877
88668888
88668899
88669900
88669911
88669922
88669933
88669944
88669955
88669966
88669977
88669988
88669999
88770000
88770011
88770022
88770033
88770044
88770055
88770066
88770077
88770088
88770099
88771100
88771111
88771122
88771133
88771144
88771155
88771166
88771177
88771188
88771199
88772200
88772211
88772222
88772233
88772244
88772255
88772266
88772277
88772288
88772299
88773300
88773311
88773322
88773333
88773344
88773355
88773366
88773377
88773388
88773399
88774400
88774411
88774422
88774433
88774444
88774455
88774466
88774477
88774488
88774499
88775500
88775511
88775522
88775533
88775544
88775555
88775566
88775577
88775588
88775599
88776600
88776611
88776622
88776633
88776644
88776655
88776666
88776677
88776688
88776699
88777700
88777711
88777722
88777733
88777744
88777755
88777766
88777777
88777788
88777799
88778800
88778811
88778822
88778833
88778844
88778855
88778866
88778877
88778888
88778899
88779900
88779911
88779922
88779933
88779944
88779955
88779966
88779977
88779988
88779999
88880000
88880011
88880022
88880033
88880044
88880055
88880066
88880077
88880088
88880099
88881100
88881111
88881122
88881133
88881144
88881155
88881166
88881177
88881188
88881199
88882200
88882211
88882222
88882233
88882244
88882255
88882266
88882277
88882288
88882299
88883300
88883311
88883322
88883333
88883344
88883355
88883366
88883377
88883388
88883399
88884400
88884411
88884422
88884433
88884444
88884455
88884466
88884477
88884488
88884499
88885500
88885511
88885522
88885533
88885544
88885555
88885566
88885577
88885588
88885599
88886600
88886611
88886622
88886633
88886644
88886655
88886666
88886677
88886688
88886699
88887700
88887711
88887722
88887733
88887744
88887755
88887766
88887777
88887788
88887799
88888800
88888811
88888822
88888833
88888844
88888855
88888866
88888877
88888888
88888899
88889900
88889911
88889922
88889933
88889944
88889955
88889966
88889977
88889988
88889999
88990000
88990011
88990022
88990033
88990044
88990055
88990066
88990077
88990088
88990099
88991100
88991111
88991122
88991133
88991144
88991155
88991166
88991177
88991188
88991199
88992200
88992211
88992222
88992233
88992244
88992255
88992266
88992277
88992288
88992299
88993300
88993311
88993322
88993333
88993344
88993355
88993366
88993377
88993388
88993399
88994400
88994411
88994422
88994433
88994444
88994455
88994466
88994477
88994488
88994499
88995500
88995511
88995522
88995533
88995544
88995555
88995566
88995577
88995588
88995599
88996600
88996611
88996622
88996633
88996644
88996655
88996666
88996677
88996688
88996699
88997700
88997711
88997722
88997733
88997744
88997755
88997766
88997777
88997788
88997799
88998800
88998811
88998822
88998833
88998844
88998855
88998866
88998877
88998888
88998899
88999900
88999911
88999922
88999933
88999944
88999955
88999966
88999977
88999988
88999999
99000000
99000011
99000022
99000033
99000044
99000055
99000066
99000077
99000088
99000099
99001100
99001111
99001122
99001133
99001144
99001155
99001166
99001177
99001188
99001199
99002200
99002211
99002222
99002233
99002244
99002255
99002266
99002277
99002288
99002299
99003300
99003311
99003322
99003333
99003344
99003355
99003366
99003377
99003388
99003399
99004400
99004411
99004422
99004433
99004444
99004455
99004466
99004477
99004488
99004499
99005500
99005511
99005522
99005533
99005544
99005555
99005566
99005577
99005588
99005599
99006600
99006611
99006622
99006633
99006644
99006655
99006666
99006677
99006688
99006699
99007700
99007711
99007722
99007733
99007744
99007755
99007766
99007777
99007788
99007799
99008800
99008811
99008822
99008833
99008844
99008855
99008866
99008877
99008888
99008899
99009900
99009911
99009922
99009933
99009944
99009955
99009966
99009977
99009988
99009999
99110000
99110011
99110022
99110033
99110044
99110055
99110066
99110077
99110088
99110099
99111100
99111111
99111122
99111133
99111144
99111155
99111166
99111177
99111188
99111199
99112200
99112211
99112222
99112233
99112244
99112255
99112266
99112277
99112288
99112299
99113300
99113311
99113322
99113333
99113344
99113355
99113366
99113377
99113388
99113399
99114400
99114411
99114422
99114433
99114444
99114455
99114466
99114477
99114488
99114499
99115500
99115511
99115522
99115533
99115544
99115555
99115566
99115577
99115588
99115599
99116600
99116611
99116622
99116633
99116644
99116655
99116666
99116677
99116688
99116699
99117700
99117711
99117722
99117733
99117744
99117755
99117766
99117777
99117788
99117799
99118800
99118811
99118822
99118833
99118844
99118855
99118866
99118877
99118888
99118899
99119900
99119911
99119922
99119933
99119944
99119955
99119966
99119977
99119988
99119999
99220000
99220011
99220022
99220033
99220044
99220055
99220066
99220077
99220088
99220099
99221100
99221111
99221122
99221133
99221144
99221155
99221166
99221177
99221188
99221199
99222200
99222211
99222222
99222233
99222244
99222255
99222266
99222277
99222288
99222299
99223300
99223311
99223322
99223333
99223344
99223355
99223366
99223377
99223388
99223399
99224400
99224411
99224422
99224433
99224444
99224455
99224466
99224477
99224488
99224499
99225500
99225511
99225522
99225533
99225544
99225555
99225566
99225577
99225588
99225599
99226600
99226611
99226622
99226633
99226644
99226655
99226666
99226677
99226688
99226699
99227700
99227711
99227722
99227733
99227744
99227755
99227766
99227777
99227788
99227799
99228800
99228811
99228822
99228833
99228844
99228855
99228866
99228877
99228888
99228899
99229900
99229911
99229922
99229933
99229944
99229955
99229966
99229977
99229988
99229999
99330000
99330011
99330022
99330033
99330044
99330055
99330066
99330077
99330088
99330099
99331100
99331111
99331122
99331133
99331144
99331155
99331166
99331177
99331188
99331199
99332200
99332211
99332222
99332233
99332244
99332255
99332266
99332277
99332288
99332299
99333300
99333311
99333322
99333333
99333344
99333355
99333366
99333377
99333388
99333399
99334400
99334411
99334422
99334433
99334444
99334455
99334466
99334477
99334488
99334499
99335500
99335511
99335522
99335533
99335544
99335555
99335566
99335577
99335588
99335599
99336600
99336611
99336622
99336633
99336644
99336655
99336666
99336677
99336688
99336699
99337700
99337711
99337722
99337733
99337744
99337755
99337766
99337777
99337788
99337799
99338800
99338811
99338822
99338833
99338844
99338855
99338866
99338877
99338888
99338899
99339900
99339911
99339922
99339933
99339944
99339955
99339966
99339977
99339988
99339999
99440000
99440011
99440022
99440033
99440044
99440055
99440066
99440077
99440088
99440099
99441100
99441111
99441122
99441133
99441144
99441155
99441166
99441177
99441188
99441199
99442200
99442211
99442222
99442233
99442244
99442255
99442266
99442277
99442288
99442299
99443300
99443311
99443322
99443333
99443344
99443355
99443366
99443377
99443388
99443399
99444400
99444411
99444422
99444433
99444444
99444455
99444466
99444477
99444488
99444499
99445500
99445511
99445522
99445533
99445544
99445555
99445566
99445577
99445588
99445599
99446600
99446611
99446622
99446633
99446644
99446655
99446666
99446677
99446688
99446699
99447700
99447711
99447722
99447733
99447744
99447755
99447766
99447777
99447788
99447799
99448800
99448811
99448822
99448833
99448844
99448855
99448866
99448877
99448888
99448899
99449900
99449911
99449922
99449933
99449944
99449955
99449966
99449977
99449988
99449999
99550000
99550011
99550022
99550033
99550044
99550055
99550066
99550077
99550088
99550099
99551100
99551111
99551122
99551133
99551144
99551155
99551166
99551177
99551188
99551199
99552200
99552211
99552222
99552233
99552244
99552255
99552266
99552277
99552288
99552299
99553300
99553311
99553322
99553333
99553344
99553355
99553366
99553377
99553388
99553399
99554400
99554411
99554422
99554433
99554444
99554455
99554466
99554477
99554488
99554499
99555500
99555511
99555522
99555533
99555544
99555555
99555566
99555577
99555588
99555599
99556600
99556611
99556622
99556633
99556644
99556655
99556666
99556677
99556688
99556699
99557700
99557711
99557722
99557733
99557744
99557755
99557766
99557777
99557788
99557799
99558800
99558811
99558822
99558833
99558844
99558855
99558866
99558877
99558888
99558899
99559900
99559911
99559922
99559933
99559944
99559955
99559966
99559977
99559988
99559999
99660000
99660011
99660022
99660033
99660044
99660055
99660066
99660077
99660088
99660099
99661100
99661111
99661122
99661133
99661144
99661155
99661166
99661177
99661188
99661199
99662200
99662211
99662222
99662233
99662244
99662255
99662266
99662277
99662288
99662299
99663300
99663311
99663322
99663333
99663344
99663355
99663366
99663377
99663388
99663399
99664400
99664411
99664422
99664433
99664444
99664455
99664466
99664477
99664488
99664499
99665500
99665511
99665522
99665533
99665544
99665555
99665566
99665577
99665588
99665599
99666600
99666611
99666622
99666633
99666644
99666655
99666666
99666677
99666688
99666699
99667700
99667711
99667722
99667733
99667744
99667755
99667766
99667777
99667788
99667799
99668800
99668811
99668822
99668833
99668844
99668855
99668866
99668877
99668888
99668899
99669900
99669911
99669922
99669933
99669944
99669955
99669966
99669977
99669988
99669999
99770000
99770011
99770022
99770033
99770044
99770055
99770066
99770077
99770088
99770099
99771100
99771111
99771122
99771133
99771144
99771155
99771166
99771177
99771188
99771199
99772200
99772211
99772222
99772233
99772244
99772255
99772266
99772277
99772288
99772299
99773300
99773311
99773322
99773333
99773344
99773355
99773366
99773377
99773388
99773399
99774400
99774411
99774422
99774433
99774444
99774455
99774466
99774477
99774488
99774499
99775500
99775511
99775522
99775533
99775544
99775555
99775566
99775577
99775588
99775599
99776600
99776611
99776622
99776633
99776644
99776655
99776666
99776677
99776688
99776699
99777700
99777711
99777722
99777733
99777744
99777755
99777766
99777777
99777788
99777799
99778800
99778811
99778822
99778833
99778844
99778855
99778866
99778877
99778888
99778899
99779900
99779911
99779922
99779933
99779944
99779955
99779966
99779977
99779988
99779999
99880000
99880011
99880022
99880033
99880044
99880055
99880066
99880077
99880088
99880099
99881100
99881111
99881122
99881133
99881144
99881155
99881166
99881177
99881188
99881199
99882200
99882211
99882222
99882233
99882244
99882255
99882266
99882277
99882288
99882299
99883300
99883311
99883322
99883333
99883344
99883355
99883366
99883377
99883388
99883399
99884400
99884411
99884422
99884433
99884444
99884455
99884466
99884477
99884488
99884499
99885500
99885511
99885522
99885533
99885544
99885555
99885566
99885577
99885588
99885599
99886600
99886611
99886622
99886633
99886644
99886655
99886666
99886677
99886688
99886699
99887700
99887711
99887722
99887733
99887744
99887755
99887766
99887777
99887788
99887799
99888800
99888811
99888822
99888833
99888844
99888855
99888866
99888877
99888888
99888899
99889900
99889911
99889922
99889933
99889944
99889955
99889966
99889977
99889988
99889999
99990000
99990011
99990022
99990033
99990044
99990055
99990066
99990077
99990088
99990099
99991100
99991111
99991122
99991133
99991144
99991155
99991166
99991177
99991188
99991199
99992200
99992211
99992222
99992233
99992244
99992255
99992266
99992277
99992288
99992299
99993300
99993311
99993322
99993333
99993344
99993355
99993366
99993377
99993388
99993399
99994400
99994411
99994422
99994433
99994444
99994455
99994466
99994477
99994488
99994499
99995500
99995511
99995522
99995533
99995544
99995555
99995566
99995577
99995588
99995599
99996600
99996611
99996622
99996633
99996644
99996655
99996666
99996677
99996688
99996699
99997700
99997711
99997722
99997733
99997744
99997755
99997766
99997777
99997788
99997799
99998800
99998811
99998822
99998833
99998844
99998855
99998866
99998877
99998888
99998899
99999900
99999911
99999922
99999933
99999944
99999955
99999966
99999977
99999988
99999999
